0.0000156 215107.5
0.0000166 409853.9
0.0000176 669977.3
0.0000186 981951.8
0.0000196 1.324108e+6
0.0000206 1.673730e+6
0.0000216 2.008953e+6
0.0000226 2.315892e+6
0.0000236 2.583523e+6
0.0000246 2.800870e+6
0.0000256 2.978892e+6
0.0000266 3.119710e+6
0.0000276 3.219175e+6
0.0000286 3.285474e+6
0.0000296 3.314064e+6
0.0000306 3.316200e+6
0.0000316 3.298247e+6
0.0000326 3.263422e+6
0.0000336 3.211412e+6
0.0000346 3.145630e+6
0.0000356 3.067454e+6
0.0000366 2.982928e+6
0.0000376 2.892329e+6
0.0000386 2.796271e+6
0.0000396 2.695802e+6
0.0000406 2.593854e+6
0.0000416 2.490931e+6
0.0000426 2.386509e+6
0.0000436 2.282526e+6
0.0000446 2.176486e+6
0.0000456 2.073960e+6
0.0000466 1.971729e+6
0.0000476 1.870164e+6
0.0000486 1.768400e+6
0.0000496 1.669926e+6
0.0000506 1.572102e+6
0.0000516 1.476005e+6
0.0000526 1.379947e+6
0.0000536 1.287014e+6
0.0000546 1.194630e+6
0.0000556 1.103344e+6
0.0000566 1.011427e+6
0.0000576 921656.8
0.0000586 831789.6
0.0000596 742110.2
0.0000606 650501.8
0.0000616 558975.7
0.0000626 462305
0.0000636 363425.5
0.0000646 264644.7
0.0000656 76754.34
  
  
  
  
  
  
  
  
  
  
  
  
  
  
  
  
  
  
  
  
  
  
  
  
  
  
  
  
  
  
  
  
  
  
  
  
  
  
  
  
  
  
  
  
  
  
  
  
  
